0 0.235294 0.210648 0.215686 0.210648 0.204248 0.224537 0.186275 0.305556 0.186275 0.354167 0.196078 0.497685 0.192810 0.701389 0.199346 0.761574 0.207516 0.777778 0.202614 0.812500 0.209150 0.821759 0.217320 0.824074 0.225490 0.821759 0.216993 0.814352 0.220588 0.798611 0.228758 0.789352 0.227124 0.776157 0.253268 0.747685 0.272876 0.685185 0.281046 0.576389 0.279412 0.418981 0.272876 0.303241 0.256536 0.245370 0.246732 0.222222
1 0.733660 0.597222 0.707516 0.606481 0.686275 0.629630 0.671569 0.673611 0.671569 0.710648 0.679739 0.740741 0.692810 0.763889 0.718954 0.784722 0.746732 0.791667 0.766340 0.784722 0.789216 0.761574 0.805556 0.726852 0.808824 0.692130 0.803922 0.657407 0.782680 0.615741 0.763072 0.601852
1 0.594771 0.615741 0.568627 0.629630 0.549020 0.655093 0.539216 0.682870 0.539216 0.731481 0.549020 0.759259 0.570261 0.789352 0.594771 0.800926 0.620915 0.800926 0.638889 0.789352 0.658497 0.763889 0.669935 0.722222 0.669935 0.687500 0.660131 0.655093 0.645425 0.634259 0.625817 0.620370
1 0.446078 0.606481 0.426471 0.622685 0.408497 0.659722 0.405229 0.694444 0.411765 0.731481 0.434641 0.773148 0.454248 0.789352 0.482026 0.793981 0.500000 0.787037 0.519608 0.768519 0.534314 0.733796 0.537582 0.717593 0.535948 0.657407 0.514706 0.622685 0.500000 0.611111 0.477124 0.604167
1 0.733660 0.395833 0.709150 0.407407 0.684641 0.442130 0.674837 0.481481 0.676471 0.516204 0.684641 0.548611 0.700980 0.574074 0.725490 0.592593 0.753268 0.594907 0.776144 0.585648 0.803922 0.550926 0.813725 0.520833 0.815359 0.469907 0.807190 0.442130 0.784314 0.407407 0.758170 0.395833
1 0.730392 0.194444 0.697712 0.217593 0.684641 0.240741 0.674837 0.284722 0.681373 0.335648 0.699346 0.368056 0.720588 0.384259 0.750000 0.393519 0.774510 0.393519 0.789216 0.384259 0.802288 0.365741 0.816993 0.317130 0.816993 0.277778 0.808824 0.243056 0.795752 0.217593 0.756536 0.192130
1 0.619281 0.416667 0.598039 0.416667 0.570261 0.430556 0.552288 0.451389 0.539216 0.488426 0.539216 0.532407 0.553922 0.576389 0.571895 0.599537 0.599673 0.613426 0.622549 0.608796 0.651961 0.585648 0.663399 0.569444 0.674837 0.520833 0.673203 0.486111 0.658497 0.444444 0.648693 0.432870
1 0.593137 0.233796 0.568627 0.247685 0.553922 0.263889 0.544118 0.291667 0.542484 0.340278 0.549020 0.363426 0.568627 0.391204 0.588235 0.402778 0.616013 0.402778 0.640523 0.388889 0.656863 0.365741 0.666667 0.317130 0.665033 0.293981 0.653595 0.263889 0.633987 0.240741 0.620915 0.233796
1 0.452614 0.402778 0.436275 0.414352 0.419935 0.437500 0.411765 0.458333 0.405229 0.493056 0.406863 0.537037 0.418301 0.567130 0.431373 0.585648 0.457516 0.599537 0.488562 0.599537 0.516340 0.578704 0.526144 0.562500 0.537582 0.518519 0.537582 0.472222 0.522876 0.435185 0.504902 0.416667 0.477124 0.402778
1 0.468954 0.217593 0.444444 0.231481 0.424837 0.256944 0.416667 0.277778 0.415033 0.317130 0.421569 0.349537 0.434641 0.370370 0.459150 0.391204 0.486928 0.393519 0.514706 0.375000 0.527778 0.354167 0.535948 0.321759 0.535948 0.284722 0.524510 0.250000 0.508170 0.229167 0.490196 0.217593
0 0.341503 0.219907 0.310458 0.222222 0.294118 0.273148 0.290850 0.347222 0.302288 0.469907 0.302288 0.548611 0.297386 0.594907 0.285948 0.643519 0.251634 0.752315 0.227124 0.775463 0.228758 0.782407 0.222222 0.793981 0.219118 0.798843 0.217810 0.804630 0.217320 0.814815 0.220915 0.816667 0.222222 0.819444 0.240196 0.844907 0.251634 0.842593 0.261438 0.798611 0.271242 0.796296 0.287582 0.810185 0.299020 0.812500 0.316993 0.805556 0.339869 0.787037 0.359477 0.759259 0.374183 0.729167 0.385621 0.694444 0.398693 0.631944 0.403595 0.574074 0.403595 0.465278 0.392157 0.370370 0.375817 0.289352 0.357843 0.243056
